0	0	0	0	0	0	0	0	0
1	0	0	0	0	0	0	0	0
2	0	0	0	0	0	0	0	0
3	0	0	0	0	0	0	0	0
4	0	0	0	0	0	0	0	0
5	0	0	0	0	0	0	0	0
6	0	0	0	0	0	0	0	0
7	0	0	0	0	0	0	0	0
8	0	0	0	0	0	0	0	0
9	0	0	0	0	0	0	0	0
10	0	0	0	0	0	0	0	0
11	0	0	0	0	0	0	0	0
12	0	0	0	0	0	0	0	0
13	0	0	0	0	0	0	0	0
14	0	0	0	0	0	0	0	0
15	0	0	0	0	0	0	0	0
16	0	0	0	0	0	0	0	0
17	0	0	0	0	0	0	0	0
18	0	0	0	0	0	0	0	0
19	0	0	0	0	0	0	0	0
20	0	0	0	0	0	0	0	0
21	0	0	0	0	0	0	0	0
22	0	0	0	0	0	0	0	0
23	0	0	0	0	0	0	0	0
24	0	0	0	0	0	0	0	0
25	0	0	0	0	0	0	0	0
26	0	0	0	0	0	0	0	0
27	0	0	0	0	0	0	0	0
28	0	0	0	0	0	0	0	0
29	0	0	0	0	0	0	0	0
30	0	0	0	0	0	0	0	0
31	0	0	0	0	0	0	0	0
32	0	0	0	0	0	0	0	0
33	0	0	0	0	0	0	0	0
34	0	0	0	0	0	0	0	0
35	0	0	0	0	0	0	0	0
36	0	0	0	0	0	0	0	0
37	0	0	0	0	0	0	0	0
38	0	0	0	0	0	0	0	0
39	0	0	0	0	0	0	0	0
40	0	0	0	0	0	0	0	0
41	0	0	0	0	0	0	0	0
42	0	0	0	0	0	0	0	0
43	0	0	0	0	0	0	0	0
44	0	0	0	0	0	0	0	0
45	0	0	0	0	0	0	0	0
46	0	0	0	0	0	0	0	0
47	0	0	0	0	0	0	0	0
48	0	0	0	0	0	0	0	0
49	0	0	0	0	0	0	0	0
50	0	0	0	0	0	0	0	0
51	0	0	0	0	0	0	0	0
52	0	0	0	0	0	0	0	0
53	0	0	0	0	0	0	0	0
54	0	0	0	0	0	0	0	0
55	0	0	0	0	0	0	0	0
56	0	0	0	0	0	0	0	0
57	0	0	0	0	0	0	0	0
58	0	0	0	0	0	0	0	0
59	0	7	0	0	0	7	0	0
60	0	14	0	0	0	14	0	0
61	0	22	0	0	0	22	0	0
62	0	29	0	0	0	29	0	0
63	0	30	0	0	0	30	0	0
64	0	31	0	0	0	31	0	0
65	0	33	0	0	0	33	0	0
66	0	35	0	0	0	35	0	0
67	0	37	0	0	0	37	0	0
68	0	39	0	0	0	39	0	0
69	0	41	0	0	0	41	0	0
70	0	42	0	0	0	42	0	0
71	0	44	0	0	0	44	0	0
72	0	46	0	0	0	46	0	0
73	0	48	0	0	0	48	0	0
74	0	50	0	0	0	50	0	0
75	0	52	0	0	0	52	0	0
76	7	53	0	0	7	53	0	0
77	14	55	0	0	14	55	0	0
78	22	57	0	0	22	57	0	0
79	29	59	0	0	29	59	0	0
80	30	60	0	0	30	60	0	0
81	31	60	0	0	31	60	0	0
82	33	60	0	0	33	60	0	0
83	35	60	0	0	35	60	0	0
84	37	60	0	7	37	60	0	7
85	39	60	0	14	39	60	0	14
86	41	60	0	22	41	60	0	22
87	42	60	0	29	42	60	0	29
88	44	60	0	30	44	60	0	30
89	46	60	0	31	46	60	0	31
90	48	60	0	33	48	60	0	33
91	50	60	0	35	50	60	0	35
92	52	60	7	37	52	60	7	37
93	53	60	14	39	53	60	14	39
94	55	60	22	41	55	60	22	41
95	57	60	29	42	57	60	29	42
96	59	60	30	44	59	60	30	44
97	60	60	31	46	60	60	31	46
98	60	60	33	48	60	60	33	48
99	60	60	35	50	60	60	35	50
100	60	60	37	52	60	60	37	52
101	60	60	39	53	60	60	39	53
102	60	60	41	55	60	60	41	55
103	60	60	42	57	60	60	42	57
104	60	60	44	59	60	60	44	59
105	60	60	46	60	60	60	46	60
106	60	60	48	60	60	60	48	60
107	60	60	50	60	60	60	50	60
108	60	60	52	60	60	60	52	60
109	60	60	53	60	60	60	53	60
110	60	60	55	60	60	60	55	60
111	60	60	57	60	60	60	57	60
112	60	60	59	60	60	60	59	60
113	60	60	60	60	60	60	60	60
114	60	60	60	60	60	60	60	60
115	61	61	61	61	61	61	61	61
116	62	62	62	62	62	62	62	62
117	63	63	63	63	63	63	63	63
118	64	64	64	64	64	64	64	64
119	65	65	65	65	65	65	65	65
120	66	66	66	66	66	66	66	66
121	67	67	67	67	67	67	67	67
122	68	68	68	68	68	68	68	68
123	69	69	69	69	69	69	69	69
124	70	70	70	70	70	70	70	70
125	70	70	70	70	70	70	70	70
126	71	71	71	71	71	71	71	71
127	72	72	72	72	72	72	72	72
128	73	73	73	73	73	73	73	73
129	74	74	74	74	74	74	74	74
130	75	75	75	75	75	75	75	75
131	76	76	76	76	76	76	76	76
132	77	77	77	77	77	77	77	77
133	78	78	78	78	78	78	78	78
134	79	79	79	79	79	79	79	79
135	80	80	80	80	80	80	80	80
136	81	81	81	81	81	81	81	81
137	81	81	81	81	81	81	81	81
138	82	82	82	82	82	82	82	82
139	83	83	83	83	83	83	83	83
140	84	84	84	84	84	84	84	84
141	85	85	85	85	85	85	85	85
142	86	86	86	86	86	86	86	86
143	87	87	87	87	87	87	87	87
144	88	88	88	88	88	88	88	88
145	89	89	89	89	89	89	89	89
146	0	0	0	0	0	0	0	0
147	0	0	0	0	0	0	0	0
148	0	0	0	0	0	0	0	0
149	0	0	0	0	0	0	0	0
150	0	0	0	0	0	0	0	0
151	0	0	0	0	0	0	0	0
152	0	0	0	0	0	0	0	0
153	0	0	0	0	0	0	0	0
154	0	0	0	0	0	0	0	0
155	0	0	0	0	0	0	0	0
156	0	0	0	0	0	0	0	0
157	0	0	0	0	0	0	0	0
158	0	0	0	0	0	0	0	0
159	0	0	0	0	0	0	0	0
160	0	0	0	0	0	0	0	0
161	0	0	0	0	0	0	0	0
162	0	0	0	0	0	0	0	0
163	0	0	0	0	0	0	0	0
164	0	0	0	0	0	0	0	0
165	0	0	0	0	0	0	0	0
166	0	0	0	0	0	0	0	0
167	0	0	0	0	0	0	0	0
168	0	0	0	0	0	0	0	0
169	0	0	0	0	0	0	0	0
170	0	0	0	0	0	0	0	0
171	0	0	0	0	0	0	0	0
172	0	0	0	0	0	0	0	0
173	0	0	0	0	0	0	0	0
174	0	0	0	0	0	0	0	0
175	0	0	0	0	0	0	0	0
176	0	0	0	0	0	0	0	0
177	0	0	0	0	0	0	0	0
178	0	0	0	0	0	0	0	0
179	0	0	0	0	0	0	0	0
180	0	0	0	0	0	0	0	0
181	0	0	0	0	0	0	0	0
182	0	0	0	0	0	0	0	0
183	0	0	0	0	0	0	0	0
184	0	0	0	0	0	0	0	0
185	0	0	0	0	0	0	0	0
186	0	0	0	0	0	0	0	0
187	0	0	0	0	0	0	0	0
188	0	0	0	0	0	0	0	0
189	0	0	0	0	0	0	0	0
190	0	0	0	0	0	0	7	0
191	0	0	0	0	0	0	14	0
192	0	0	0	0	0	0	21	0
193	0	0	0	0	0	0	29	0
194	0	0	0	0	0	0	30	0
195	0	0	0	0	0	0	31	0
196	0	0	0	0	0	0	33	0
197	0	0	0	0	0	0	35	0
198	0	0	0	0	0	0	37	0
199	0	0	0	0	0	0	39	0
200	0	0	0	0	0	0	41	0
201	0	0	0	0	0	0	42	0
202	0	0	0	0	0	0	44	0
203	0	0	0	0	0	0	46	0
204	0	0	0	0	0	0	48	0
205	0	0	0	0	0	0	50	0
206	0	0	0	0	0	0	52	0
207	0	0	0	0	7	0	53	0
208	0	0	0	0	14	0	55	0
209	0	0	0	0	22	0	57	0
210	0	0	0	0	29	0	59	0
211	0	0	0	0	30	0	60	0
212	0	0	0	0	31	0	60	0
213	0	0	0	0	33	0	60	0
214	0	0	0	0	35	0	60	0
215	0	0	6	0	37	0	60	0
216	0	0	14	0	39	0	60	0
217	0	0	22	0	40	0	60	0
218	0	0	29	0	42	0	60	0
219	0	0	30	0	44	0	60	0
220	0	0	31	0	46	0	60	0
221	0	0	33	0	48	0	60	0
222	0	0	35	0	50	0	60	0
223	7	0	37	0	51	0	60	0
224	14	0	39	0	53	0	60	0
225	22	0	41	0	55	0	60	0
226	29	0	42	0	57	0	60	0
227	30	0	44	0	59	0	60	0
228	31	0	46	0	60	0	60	0
229	33	0	48	0	60	0	60	0
230	35	0	50	0	60	0	60	0
231	37	0	51	0	60	0	60	0
232	39	0	53	0	60	0	60	0
233	41	0	55	0	60	0	60	0
234	42	0	57	0	60	0	60	0
235	44	0	59	0	60	0	60	0
236	46	0	60	0	60	0	60	0
237	48	0	60	0	60	0	60	0
238	50	0	60	0	60	0	60	0
239	51	0	60	0	60	0	60	0
240	53	0	60	0	60	0	60	0
241	55	0	60	0	60	0	60	0
242	57	0	60	0	60	0	60	0
243	59	0	60	0	60	0	60	0
244	60	0	60	0	60	0	60	0
245	60	0	60	0	60	0	60	0
246	61	0	61	0	61	0	61	0
247	62	0	62	0	62	0	62	0
248	63	0	63	0	63	0	63	0
249	64	0	64	0	64	0	64	0
250	65	0	65	0	65	0	65	0
251	66	0	66	0	66	0	66	0
252	67	0	67	0	67	0	67	0
253	68	0	68	0	68	0	68	0
254	69	0	69	0	69	0	69	0
255	70	0	70	0	70	0	70	0
256	70	0	70	0	70	0	70	0
257	71	0	71	0	71	0	71	0
258	72	0	72	0	72	0	72	0
259	73	0	73	0	73	0	73	0
260	74	0	74	0	74	0	74	0
261	75	0	75	0	75	0	75	0
262	76	0	76	0	76	0	76	0
263	77	0	77	0	77	0	77	0
264	78	0	78	0	78	0	78	0
265	79	0	79	0	79	0	79	0
266	80	0	80	0	80	0	80	0
267	81	0	81	0	81	0	81	0
268	81	0	81	0	81	0	81	0
269	82	0	82	0	82	0	82	0
270	83	0	83	0	83	0	83	0
271	84	0	84	0	84	0	84	0
272	85	0	85	0	85	0	85	0
273	86	0	86	0	86	0	86	0
274	87	0	87	0	87	0	87	0
275	88	0	88	0	88	0	88	0
276	89	0	89	0	89	0	89	0
277	0	0	0	0	0	0	0	0
278	0	0	0	0	0	0	0	0
279	0	0	0	0	0	0	0	0
280	0	0	0	0	0	0	0	0
281	0	0	0	0	0	0	0	0
282	0	0	0	0	0	0	0	0
283	0	0	0	0	0	0	0	0
284	0	0	0	0	0	0	0	0
285	0	0	0	0	0	0	0	0
286	0	0	0	0	0	0	0	0
287	0	0	0	0	0	0	0	0
288	0	0	0	0	0	0	0	0
289	0	0	0	0	0	0	0	0
290	0	0	0	0	0	0	0	0
291	0	0	0	0	0	0	0	0
292	0	0	0	0	0	0	0	0
293	0	0	0	0	0	0	0	0
294	0	0	0	0	0	0	0	0
295	0	0	0	0	0	0	0	0
296	0	0	0	0	0	0	0	0
297	0	0	0	0	0	0	0	0
298	0	0	0	0	0	0	0	0
299	0	0	0	0	0	0	0	0
300	0	0	0	0	0	0	0	0
301	0	0	0	0	0	0	0	0
302	0	0	0	0	0	0	0	0
303	0	0	0	0	0	0	0	0
304	0	0	0	0	0	0	0	0
305	0	0	0	0	0	0	0	0
306	0	0	0	0	0	0	0	0
307	0	0	0	0	0	0	0	0
308	0	0	0	0	0	0	0	0
309	0	0	0	0	0	0	0	0
310	0	0	0	0	0	0	0	0
311	0	0	0	0	0	0	0	0
312	0	0	0	0	0	0	0	0
313	0	0	0	0	0	0	0	0
314	0	0	0	0	0	0	0	0
315	0	0	0	0	0	0	0	0
316	0	0	0	0	0	0	0	0
317	0	0	0	0	0	0	0	0
318	0	0	0	0	0	0	0	0
319	0	0	0	0	0	0	0	0
320	0	0	0	0	0	0	0	0
321	7	0	0	0	0	0	0	0
322	14	0	0	0	0	0	0	0
323	22	0	0	0	0	0	0	0
324	29	0	0	0	0	0	0	0
325	30	0	0	0	0	0	0	0
326	31	0	0	0	0	0	0	0
327	33	0	0	0	0	0	0	0
328	35	0	0	0	0	0	0	0
329	37	0	0	0	0	0	0	0
330	39	0	0	0	0	0	0	0
331	40	0	0	0	0	0	0	0
332	42	0	0	0	0	0	0	0
333	44	0	0	0	0	0	0	0
334	46	0	0	0	0	0	0	0
335	48	0	0	0	0	0	0	0
336	50	0	0	0	0	0	0	0
337	52	0	0	0	7	0	0	0
338	53	0	0	0	14	0	0	0
339	55	0	0	0	21	0	0	0
340	57	0	0	0	29	0	0	0
341	59	0	0	0	30	0	0	0
342	60	0	0	0	31	0	0	0
343	60	0	0	0	33	0	0	0
344	60	0	0	0	35	0	0	0
345	60	0	0	0	37	0	0	0
346	60	0	7	0	39	0	0	0
347	60	0	14	0	40	0	0	0
348	60	0	21	0	42	0	0	0
349	60	0	29	0	44	0	0	0
350	60	0	30	0	46	0	0	0
351	60	0	31	0	48	0	0	0
352	60	0	33	0	50	0	0	0
353	60	0	35	0	52	0	0	0
354	60	0	37	0	53	0	7	0
355	60	0	39	0	55	0	14	0
356	60	0	40	0	57	0	21	0
357	60	0	42	0	59	0	29	0
358	60	0	44	0	60	0	30	0
359	60	0	46	0	60	0	31	0
360	60	0	48	0	60	0	33	0
361	60	0	50	0	60	0	35	0
362	60	0	51	0	60	0	37	0
363	60	0	53	0	60	0	39	0
364	60	0	55	0	60	0	40	0
365	60	0	57	0	60	0	42	0
366	60	0	59	0	60	0	44	0
367	60	0	60	0	60	0	46	0
368	60	0	60	0	60	0	48	0
369	60	0	60	0	60	0	50	0
370	60	0	60	0	60	0	51	0
371	60	0	60	0	60	0	53	0
372	60	0	60	0	60	0	55	0
373	60	0	60	0	60	0	57	0
374	60	0	60	0	60	0	59	0
375	60	0	60	0	60	0	60	0
376	60	0	60	0	60	0	60	0
377	61	0	61	0	61	0	61	0
378	62	0	62	0	62	0	62	0
379	63	0	63	0	63	0	63	0
380	64	0	64	0	64	0	64	0
381	65	0	65	0	65	0	65	0
382	66	0	66	0	66	0	66	0
383	67	0	67	0	67	0	67	0
384	68	0	68	0	68	0	68	0
385	69	0	69	0	69	0	69	0
386	70	0	70	0	70	0	70	0
387	71	0	71	0	71	0	71	0
388	71	0	71	0	71	0	71	0
389	72	0	72	0	72	0	72	0
390	73	0	73	0	73	0	73	0
391	74	0	74	0	74	0	74	0
392	75	0	75	0	75	0	75	0
393	76	0	76	0	76	0	76	0
394	77	0	77	0	77	0	77	0
395	78	0	78	0	78	0	78	0
396	79	0	79	0	79	0	79	0
397	80	0	80	0	80	0	80	0
398	81	0	81	0	81	0	81	0
399	82	0	82	0	82	0	82	0
400	82	0	82	0	82	0	82	0
401	83	0	83	0	83	0	83	0
402	84	0	84	0	84	0	84	0
403	85	0	85	0	85	0	85	0
404	86	0	86	0	86	0	86	0
405	87	0	87	0	87	0	87	0
406	88	0	88	0	88	0	88	0
407	89	0	89	0	89	0	89	0
408	0	0	0	0	0	0	0	0
409	0	0	0	0	0	0	0	0
410	0	0	0	0	0	0	0	0
411	0	0	0	0	0	0	0	0
412	0	0	0	0	0	0	0	0
413	0	0	0	0	0	0	0	0
414	0	0	0	0	0	0	0	0
415	0	0	0	0	0	0	0	0
416	0	0	0	0	0	0	0	0
417	0	0	0	0	0	0	0	0
418	0	0	0	0	0	0	0	0
419	0	0	0	0	0	0	0	0
420	0	0	0	0	0	0	0	0
421	0	0	0	0	0	0	0	0
422	0	0	0	0	0	0	0	0
423	0	0	0	0	0	0	0	0
424	0	0	0	0	0	0	0	0
425	0	0	0	0	0	0	0	0
426	0	0	0	0	0	0	0	0
427	0	0	0	0	0	0	0	0
428	0	0	0	0	0	0	0	0
429	0	0	0	0	0	0	0	0
430	0	0	0	0	0	0	0	0
431	0	0	0	0	0	0	0	0
432	0	0	0	0	0	0	0	0
433	0	0	0	0	0	0	0	0
434	0	0	0	0	0	0	0	0
435	0	0	0	0	0	0	0	0
436	0	0	0	0	0	0	0	0
437	0	0	0	0	0	0	0	0
438	0	0	0	0	0	0	0	0
439	0	0	0	0	0	0	0	0
440	0	0	0	0	0	0	0	0
441	0	0	0	0	0	0	0	0
442	0	0	0	0	0	0	0	0
443	0	0	0	0	0	0	0	0
444	0	0	0	0	0	0	0	0
445	0	0	0	0	0	0	0	0
446	0	0	0	0	0	0	0	0
447	0	0	0	0	0	0	0	0
448	0	0	0	0	0	0	0	0
449	0	0	0	0	0	0	0	0
450	0	0	0	0	0	0	0	0
451	0	0	0	0	0	0	0	0
452	6	0	6	0	6	0	6	0
453	14	0	14	0	14	0	14	0
454	21	0	21	0	21	0	21	0
455	29	0	29	0	29	0	29	0
456	30	0	30	0	30	0	30	0
457	31	0	31	0	31	0	31	0
458	33	0	33	0	33	0	33	0
459	35	0	35	0	35	0	35	0
460	37	0	37	0	37	0	37	0
461	39	0	39	0	39	0	39	0
462	41	0	41	0	41	0	41	0
463	42	0	42	0	42	0	42	0
464	44	0	44	0	44	0	44	0
465	46	0	46	0	46	0	46	0
466	48	0	48	0	48	0	48	0
467	50	0	50	0	50	0	50	0
468	52	0	52	0	52	0	52	0
469	53	0	53	0	53	0	53	0
470	55	0	55	0	55	0	55	0
471	57	0	57	0	57	0	57	0
472	59	0	59	0	59	0	59	0
473	60	0	60	0	60	0	60	0
474	60	0	60	0	60	0	60	0
475	60	0	60	0	60	0	60	0
476	60	0	60	0	60	0	60	0
477	60	0	60	0	60	0	60	0
478	60	0	60	0	60	0	60	0
479	60	0	60	0	60	0	60	0
480	60	0	60	0	60	0	60	0
481	60	0	60	0	60	0	60	0
482	60	0	60	0	60	0	60	0
483	60	0	60	0	60	0	60	0
484	60	0	60	0	60	0	60	0
485	60	0	60	0	60	0	60	0
486	60	0	60	0	60	0	60	0
487	60	0	60	0	60	0	60	0
488	60	0	60	0	60	0	60	0
489	60	0	60	0	60	0	60	0
490	60	0	60	0	60	0	60	0
491	61	0	61	0	61	0	61	0
492	62	0	62	0	62	0	62	0
493	63	0	63	0	63	0	63	0
494	64	0	64	0	64	0	64	0
495	65	0	65	0	65	0	65	0
496	66	0	66	0	66	0	66	0
497	67	0	67	0	67	0	67	0
498	68	0	68	0	68	0	68	0
499	69	0	69	0	69	0	69	0
500	70	0	70	0	70	0	70	0
501	70	0	70	0	70	0	70	0
502	71	0	71	0	71	0	71	0
503	72	0	72	0	72	0	72	0
504	73	0	73	0	73	0	73	0
505	74	0	74	0	74	0	74	0
506	75	0	75	0	75	0	75	0
507	76	0	76	0	76	0	76	0
508	77	0	77	0	77	0	77	0
509	78	0	78	0	78	0	78	0
510	79	0	79	0	79	0	79	0
511	80	0	80	0	80	0	80	0
512	81	0	81	0	81	0	81	0
513	82	0	82	0	82	0	82	0
514	82	0	82	0	82	0	82	0
515	83	0	83	0	83	0	83	0
516	84	0	84	0	84	0	84	0
517	85	7	85	7	85	7	85	7
518	86	14	86	14	86	14	86	14
519	87	21	87	21	87	21	87	21
520	88	29	88	29	88	29	88	29
521	89	30	89	30	89	30	89	30
522	0	31	0	31	0	31	0	31
523	0	33	0	33	0	33	0	33
524	0	35	0	35	0	35	0	35
525	0	37	0	37	0	37	0	37
526	0	39	0	39	0	39	0	39
527	0	41	0	41	0	41	0	41
528	0	42	0	42	0	42	0	42
529	0	44	0	44	0	44	0	44
530	0	46	0	46	0	46	0	46
531	0	48	0	48	0	48	0	48
532	0	50	0	50	0	50	0	50
533	0	52	0	52	0	52	0	52
534	0	53	0	53	0	53	0	53
535	0	55	0	55	0	55	0	55
536	0	57	0	57	0	57	0	57
537	0	59	0	59	0	59	0	59
538	0	60	0	60	0	60	0	60
539	0	60	0	60	0	60	0	60
540	0	61	0	61	0	61	0	61
541	0	62	0	62	0	62	0	62
542	0	63	0	63	0	63	0	63
543	0	64	0	64	0	64	0	64
544	0	65	0	65	0	65	0	65
545	0	66	0	66	0	66	0	66
546	0	67	0	67	0	67	0	67
547	0	68	0	68	0	68	0	68
548	0	69	0	69	0	69	0	69
549	0	70	0	70	0	70	0	70
550	0	70	0	70	0	70	0	70
551	0	71	0	71	0	71	0	71
552	0	72	0	72	0	72	0	72
553	0	73	0	73	0	73	0	73
554	0	74	0	74	0	74	0	74
555	0	75	0	75	0	75	0	75
556	0	76	0	76	0	76	0	76
557	0	77	0	77	0	77	0	77
558	0	78	0	78	0	78	0	78
559	0	79	0	79	0	79	0	79
560	0	80	0	80	0	80	0	80
561	0	81	0	81	0	81	0	81
562	0	82	0	82	0	82	0	82
563	0	82	0	82	0	82	0	82
564	0	83	0	83	0	83	0	83
565	0	84	0	84	0	84	0	84
566	0	85	0	85	0	85	0	85
567	0	86	0	86	0	86	0	86
568	0	87	0	87	0	87	0	87
569	0	88	0	88	0	88	0	88
570	0	89	0	89	0	89	0	89
571	0	0	0	0	0	0	0	0
572	0	0	0	0	0	0	0	0
573	0	0	0	0	0	0	0	0
574	0	0	0	0	0	0	0	0
575	0	0	0	0	0	0	0	0
576	0	0	0	0	0	0	0	0
577	0	0	0	0	0	0	0	0
578	0	0	0	0	0	0	0	0
579	0	0	0	0	0	0	0	0
580	0	0	7	0	0	0	7	0
581	0	0	14	0	0	0	14	0
582	0	0	22	0	0	0	22	0
583	0	0	29	0	0	0	29	0
584	0	0	30	0	0	0	30	0
585	0	0	31	0	0	0	31	0
586	0	0	33	0	0	0	33	0
587	0	0	35	0	0	0	35	0
588	0	0	37	0	0	0	37	0
589	0	0	39	0	0	0	39	0
590	0	0	41	0	0	0	41	0
591	0	0	42	0	0	0	42	0
592	0	0	44	0	0	0	44	0
593	0	0	46	0	0	0	46	0
594	0	0	48	0	0	0	48	0
595	0	0	50	0	0	0	50	0
596	0	0	51	0	0	0	51	0
597	0	0	60	0	0	0	60	0
598	0	0	61	0	0	0	61	0
599	0	0	62	0	0	0	62	0
600	0	0	63	0	0	0	63	0
601	0	0	64	0	0	0	64	0
602	0	0	65	0	0	0	65	0
603	0	0	66	0	0	0	66	0
604	0	0	67	0	0	0	67	0
605	0	0	68	0	0	0	68	0
606	0	0	69	0	0	0	69	0
607	0	0	70	0	0	0	70	0
608	0	0	71	0	0	0	71	0
609	0	0	71	0	0	0	71	0
610	0	0	72	0	0	0	72	0
611	0	0	73	0	0	0	73	0
612	0	0	74	0	0	0	74	0
613	0	0	75	0	0	0	75	0
614	0	0	76	0	0	0	76	0
615	0	0	77	0	0	0	77	0
616	0	0	78	0	0	0	78	0
617	0	0	79	0	0	0	79	0
618	0	0	80	0	0	0	80	0
619	0	0	81	0	0	0	81	0
620	0	0	82	0	0	0	82	0
621	0	0	82	0	0	0	82	0
622	0	0	83	0	0	0	83	0
623	0	0	84	0	0	0	84	0
624	0	0	85	0	0	0	85	0
625	0	0	86	0	0	0	86	0
626	0	0	87	0	0	0	87	0
627	0	0	88	0	0	0	88	0
628	0	0	89	0	0	0	89	0
629	0	0	0	0	0	0	0	0
630	0	0	0	0	0	0	0	0
631	0	0	0	0	0	0	0	0
632	0	0	0	0	0	0	0	0
633	0	0	0	0	0	0	0	0
634	0	0	0	0	0	0	0	0
635	0	0	0	0	0	0	0	0
636	0	0	0	0	0	0	0	0
637	0	0	0	0	0	0	0	0
638	0	0	0	0	0	0	0	0
639	0	0	0	0	0	0	0	0
640	0	0	0	0	0	0	0	0
641	0	0	0	0	0	0	0	0
642	0	0	0	0	0	0	0	0
643	0	0	0	0	0	0	0	0
644	0	0	0	0	0	0	0	0
645	0	0	0	0	0	0	0	0
646	7	0	0	0	7	0	0	0
647	14	0	0	0	14	0	0	0
648	21	0	0	0	21	0	0	0
649	29	0	0	0	29	0	0	0
650	30	0	0	0	30	0	0	0
651	31	0	0	0	31	0	0	0
652	33	0	0	0	33	0	0	0
653	35	0	0	0	35	0	0	0
654	37	0	0	0	37	0	0	0
655	39	0	0	0	39	0	0	0
656	40	0	0	0	40	0	0	0
657	42	0	0	0	42	0	0	0
658	44	0	0	0	44	0	0	0
659	46	0	0	0	46	0	0	0
660	48	0	0	0	48	0	0	0
661	50	0	0	0	50	0	0	0
662	60	0	0	0	60	0	0	0
663	61	0	0	0	61	0	0	0
664	62	0	0	0	62	0	0	0
665	63	0	0	0	63	0	0	0
666	64	0	0	0	64	0	0	0
667	65	0	0	0	65	0	0	0
668	66	0	0	0	66	0	0	0
669	67	0	0	0	67	0	0	0
670	68	0	0	0	68	0	0	0
671	69	0	0	0	69	0	0	0
672	70	0	0	0	70	0	0	0
673	70	0	0	0	70	0	0	0
674	71	0	0	0	71	0	0	0
675	72	0	0	0	72	0	0	0
676	73	0	0	0	73	0	0	0
677	74	0	0	0	74	0	0	0
678	75	0	0	0	75	0	0	0
679	76	0	0	0	76	0	0	0
680	77	0	0	0	77	0	0	0
681	78	0	0	0	78	0	0	0
682	79	0	0	0	79	0	0	0
683	80	0	0	0	80	0	0	0
684	81	0	0	0	81	0	0	0
685	82	0	0	0	82	0	0	0
686	82	0	0	0	82	0	0	0
687	83	0	0	0	83	0	0	0
688	84	0	0	0	84	0	0	0
689	85	0	0	0	85	0	0	0
690	86	0	0	0	86	0	0	0
691	87	0	0	0	87	0	0	0
692	88	0	0	0	88	0	0	0
693	89	0	0	0	89	0	0	0
694	0	0	0	0	0	0	0	0
695	0	0	0	0	0	0	0	0
696	0	0	0	0	0	0	0	0
697	0	0	0	0	0	0	0	0
698	0	0	0	0	0	0	0	0
699	0	0	0	0	0	0	0	0
700	0	0	0	0	0	0	0	0
701	0	0	0	0	0	0	0	0
702	0	0	0	0	0	0	0	0
703	0	0	0	0	0	0	0	0
704	0	0	0	0	0	0	0	0
705	0	0	0	0	0	0	0	0
706	0	0	0	0	0	0	0	0
707	0	0	0	0	0	0	0	0
708	0	0	0	0	0	0	0	0
709	0	0	0	0	0	0	0	0
710	0	0	0	0	0	0	0	0
711	7	0	7	0	7	0	7	0
712	14	0	14	0	14	0	14	0
713	21	0	21	0	21	0	21	0
714	29	0	29	0	29	0	29	0
715	30	0	30	0	30	0	30	0
716	31	0	31	0	31	0	31	0
717	33	0	33	0	33	0	33	0
718	35	0	35	0	35	0	35	0
719	37	0	37	0	37	0	37	0
720	39	0	39	0	39	0	39	0
721	40	0	40	0	40	0	40	0
722	42	0	42	0	42	0	42	0
723	44	0	44	0	44	0	44	0
724	46	0	46	0	46	0	46	0
725	48	0	48	0	48	0	48	0
726	50	0	50	0	50	0	50	0
727	60	0	60	0	60	0	60	0
728	61	0	61	0	61	0	61	0
729	62	0	62	0	62	0	62	0
730	63	0	63	0	63	0	63	0
731	64	0	64	0	64	0	64	0
732	65	0	65	0	65	0	65	0
733	66	0	66	0	66	0	66	0
734	67	0	67	0	67	0	67	0
735	68	0	68	0	68	0	68	0
736	69	0	69	0	69	0	69	0
737	70	0	70	0	70	0	70	0
738	71	0	71	0	71	0	71	0
739	71	0	71	0	71	0	71	0
740	72	0	72	0	72	0	72	0
741	73	0	73	0	73	0	73	0
742	74	0	74	0	74	0	74	0
743	75	0	75	0	75	0	75	0
744	76	0	76	0	76	0	76	0
745	77	0	77	0	77	0	77	0
746	78	0	78	0	78	0	78	0
747	79	0	79	0	79	0	79	0
748	80	0	80	0	80	0	80	0
749	81	0	81	0	81	0	81	0
750	82	0	82	0	82	0	82	0
751	82	0	82	0	82	0	82	0
752	83	0	83	0	83	0	83	0
753	84	0	84	0	84	0	84	0
754	85	0	85	0	85	0	85	0
755	86	0	86	0	86	0	86	0
756	87	0	87	0	87	0	87	0
757	88	0	88	0	88	0	88	0
758	89	0	89	0	89	0	89	0
759	0	0	0	0	0	0	0	0
760	0	0	0	0	0	0	0	0
761	0	0	0	0	0	0	0	0
762	0	0	0	0	0	0	0	0
763	0	0	0	0	0	0	0	0
764	0	0	0	0	0	0	0	0
765	0	0	0	0	0	0	0	0
766	0	0	0	0	0	0	0	0
767	0	0	0	0	0	0	0	0
768	0	0	0	0	0	0	0	0
769	0	0	0	0	0	0	0	0
770	0	0	0	0	0	0	0	0
771	0	0	0	0	0	0	0	0
772	0	0	0	0	0	0	0	0
773	0	0	0	0	0	0	0	0
774	0	0	0	0	0	0	0	0
775	0	0	0	0	0	0	0	0
776	0	7	0	7	0	7	0	7
777	0	14	0	14	0	14	0	14
778	0	21	0	21	0	21	0	21
779	0	29	0	29	0	29	0	29
780	0	30	0	30	0	30	0	30
781	0	31	0	31	0	31	0	31
782	0	33	0	33	0	33	0	33
783	0	35	0	35	0	35	0	35
784	0	37	0	37	0	37	0	37
785	0	39	0	39	0	39	0	39
786	0	41	0	41	0	41	0	41
787	0	42	0	42	0	42	0	42
788	0	44	0	44	0	44	0	44
789	0	46	0	46	0	46	0	46
790	0	48	0	48	0	48	0	48
791	0	50	0	50	0	50	0	50
792	0	52	0	52	0	52	0	52
793	0	60	0	60	0	60	0	60
794	0	61	0	61	0	61	0	61
795	0	62	0	62	0	62	0	62
796	0	63	0	63	0	63	0	63
797	0	64	0	64	0	64	0	64
798	0	65	0	65	0	65	0	65
799	0	66	0	66	0	66	0	66
800	0	67	0	67	0	67	0	67
801	0	68	0	68	0	68	0	68
802	0	69	0	69	0	69	0	69
803	0	70	0	70	0	70	0	70
804	0	70	0	70	0	70	0	70
805	0	71	0	71	0	71	0	71
806	0	72	0	72	0	72	0	72
807	0	73	0	73	0	73	0	73
808	0	74	0	74	0	74	0	74
809	0	75	0	75	0	75	0	75
810	0	76	0	76	0	76	0	76
811	0	77	0	77	0	77	0	77
812	0	78	0	78	0	78	0	78
813	0	79	0	79	0	79	0	79
814	0	80	0	80	0	80	0	80
815	0	81	0	81	0	81	0	81
816	0	81	0	81	0	81	0	81
817	0	82	0	82	0	82	0	82
818	0	83	0	83	0	83	0	83
819	0	84	0	84	0	84	0	84
820	0	85	0	85	0	85	0	85
821	0	86	0	86	0	86	0	86
822	0	87	0	87	0	87	0	87
823	0	88	0	88	0	88	0	88
824	0	89	0	89	0	89	0	89
825	0	0	0	0	0	0	0	0
826	0	0	0	0	0	0	0	0
827	0	0	0	0	0	0	0	0
828	0	0	0	0	0	0	0	0
829	0	0	0	0	0	0	0	0
830	0	0	0	0	0	0	0	0
831	0	0	0	0	0	0	0	0
832	0	0	0	0	0	0	0	0
833	0	0	0	0	0	0	0	0
834	0	0	0	0	0	0	0	0
835	0	0	0	0	0	0	0	0
836	0	0	0	0	0	0	0	0
837	0	0	0	0	0	0	0	0
838	0	0	0	0	0	0	0	0
839	0	0	0	0	0	0	0	0
840	0	0	0	0	0	0	0	0
841	0	0	0	0	0	0	0	0
842	6	0	6	0	6	0	6	0
843	14	0	14	0	14	0	14	0
844	21	0	21	0	21	0	21	0
845	28	0	29	0	28	0	29	0
846	30	0	30	0	30	0	30	0
847	31	0	31	0	31	0	31	0
848	33	0	33	0	33	0	33	0
849	35	0	35	0	35	0	35	0
850	37	0	37	0	37	0	37	0
851	39	0	39	0	39	0	39	0
852	40	0	40	0	40	0	40	0
853	42	0	42	0	42	0	42	0
854	44	0	44	0	44	0	44	0
855	46	0	46	0	46	0	46	0
856	48	0	48	0	48	0	48	0
857	50	0	50	0	50	0	50	0
858	60	0	60	0	60	0	60	0
859	61	0	61	0	61	0	61	0
860	62	0	62	0	62	0	62	0
861	63	0	63	0	63	0	63	0
862	64	0	64	0	64	0	64	0
863	65	0	65	0	65	0	65	0
864	66	0	66	0	66	0	66	0
865	67	0	67	0	67	0	67	0
866	68	0	68	0	68	0	68	0
867	69	0	69	0	69	0	69	0
868	70	0	70	0	70	0	70	0
869	70	0	70	0	70	0	70	0
870	71	0	71	0	71	0	71	0
871	72	0	72	0	72	0	72	0
872	73	0	73	0	73	0	73	0
873	74	0	74	0	74	0	74	0
874	75	0	75	0	75	0	75	0
875	76	0	76	0	76	0	76	0
876	77	0	77	0	77	0	77	0
877	78	0	78	0	78	0	78	0
878	79	0	79	0	79	0	79	0
879	80	0	80	0	80	0	80	0
880	81	0	81	0	81	0	81	0
881	81	0	81	0	81	0	81	0
882	82	0	82	0	82	0	82	0
883	83	0	83	0	83	0	83	0
884	84	0	84	0	84	0	84	0
885	85	0	85	0	85	0	85	0
886	86	0	86	0	86	0	86	0
887	87	0	87	0	87	0	87	0
888	88	0	88	0	88	0	88	0
889	89	0	89	0	89	0	89	0
890	0	0	0	0	0	0	0	0
891	0	0	0	0	0	0	0	0
892	0	0	0	0	0	0	0	0
893	0	0	0	0	0	0	0	0
894	0	0	0	0	0	0	0	0
895	0	0	0	0	0	0	0	0
896	0	0	0	0	0	0	0	0
897	0	0	0	0	0	0	0	0
898	0	0	0	0	0	0	0	0
899	0	0	0	0	0	0	0	0
900	0	0	0	0	0	0	0	0
901	0	0	0	0	0	0	0	0
902	0	0	0	0	0	0	0	0
903	0	0	0	0	0	0	0	0
904	0	0	0	0	0	0	0	0
905	0	0	0	0	0	0	0	0
906	0	0	0	0	0	0	0	0
907	0	7	0	0	0	7	0	0
908	0	14	0	0	0	14	0	0
909	0	22	0	0	0	22	0	0
910	0	29	0	0	0	29	0	0
911	0	30	0	0	0	30	0	0
912	0	31	0	0	0	31	0	0
913	0	33	0	0	0	33	0	0
914	0	35	0	0	0	35	0	0
915	0	37	0	0	0	37	0	0
916	0	39	0	0	0	39	0	0
917	0	41	0	0	0	41	0	0
918	0	42	0	0	0	42	0	0
919	0	44	0	0	0	44	0	0
920	0	46	0	0	0	46	0	0
921	0	48	0	0	0	48	0	0
922	0	50	0	0	0	50	0	0
923	0	52	0	0	0	52	0	0
924	0	60	0	0	0	60	0	0
925	0	61	0	0	0	61	0	0
926	0	62	0	0	0	62	0	0
927	0	63	0	0	0	63	0	0
928	0	64	0	0	0	64	0	0
929	0	65	0	0	0	65	0	0
930	0	66	0	0	0	66	0	0
931	0	67	0	0	0	67	0	0
932	0	68	0	0	0	68	0	0
933	0	69	0	0	0	69	0	0
934	0	70	0	0	0	70	0	0
935	0	70	0	0	0	70	0	0
936	0	71	0	0	0	71	0	0
937	0	72	0	0	0	72	0	0
938	0	73	0	0	0	73	0	0
939	0	74	0	0	0	74	0	0
940	0	75	0	0	0	75	0	0
941	0	76	0	0	0	76	0	0
942	0	77	0	0	0	77	0	0
943	0	78	0	0	0	78	0	0
944	0	79	0	0	0	79	0	0
945	0	80	0	0	0	80	0	0
946	0	81	0	0	0	81	0	0
947	0	82	0	0	0	82	0	0
948	0	82	0	0	0	82	0	0
949	0	83	0	0	0	83	0	0
950	0	84	0	0	0	84	0	0
951	0	85	0	0	0	85	0	0
952	0	86	0	0	0	86	0	0
953	0	87	0	0	0	87	0	0
954	0	88	0	0	0	88	0	0
955	0	89	0	0	0	89	0	0
956	0	0	0	0	0	0	0	0
957	0	0	0	0	0	0	0	0
958	0	0	0	0	0	0	0	0
959	0	0	0	0	0	0	0	0
960	0	0	0	0	0	0	0	0
961	0	0	0	0	0	0	0	0
962	0	0	0	0	0	0	0	0
963	0	0	0	0	0	0	0	0
964	0	0	0	0	0	0	0	0
965	0	0	0	0	0	0	0	0
966	0	0	0	0	0	0	0	0
967	0	0	0	0	0	0	0	0
968	0	0	0	0	0	0	0	0
969	0	0	0	0	0	0	0	0
970	0	0	0	0	0	0	0	0
971	0	0	0	0	0	0	0	0
972	0	0	0	0	0	0	0	0
973	0	0	0	7	0	0	0	7
974	0	0	0	14	0	0	0	14
975	0	0	0	21	0	0	0	21
976	0	0	0	29	0	0	0	29
977	0	0	0	30	0	0	0	30
978	0	0	0	31	0	0	0	31
979	0	0	0	33	0	0	0	33
980	0	0	0	35	0	0	0	35
981	0	0	0	37	0	0	0	37
982	0	0	0	39	0	0	0	39
983	0	0	0	41	0	0	0	41
984	0	0	0	42	0	0	0	42
985	0	0	0	44	0	0	0	44
986	0	0	0	46	0	0	0	46
987	0	0	0	48	0	0	0	48
988	0	0	0	50	0	0	0	50
989	0	0	0	60	0	0	0	60
990	0	0	0	61	0	0	0	61
991	0	0	0	62	0	0	0	62
992	0	0	0	63	0	0	0	63
993	0	0	0	64	0	0	0	64
994	0	0	0	65	0	0	0	65
995	0	0	0	66	0	0	0	66
996	0	0	0	67	0	0	0	67
997	0	0	0	68	0	0	0	68
998	0	0	0	69	0	0	0	69
999	0	0	0	70	0	0	0	70
1000	0	0	0	70	0	0	0	70
1001	0	0	0	71	0	0	0	71
1002	0	0	0	72	0	0	0	72
1003	0	0	0	73	0	0	0	73
1004	0	0	0	74	0	0	0	74
1005	0	0	0	75	0	0	0	75
1006	0	0	0	76	0	0	0	76
1007	0	0	0	77	0	0	0	77
1008	0	0	0	78	0	0	0	78
1009	0	0	0	79	0	0	0	79
1010	0	0	0	80	0	0	0	80
1011	0	0	0	81	0	0	0	81
1012	0	0	0	82	0	0	0	82
1013	0	0	0	82	0	0	0	82
1014	0	0	0	83	0	0	0	83
1015	0	0	0	84	0	0	0	84
1016	0	0	0	85	0	0	0	85
1017	0	0	0	86	0	0	0	86
1018	0	0	0	87	0	0	0	87
1019	0	0	0	88	0	0	0	88
1020	0	0	0	89	0	0	0	89
1021	0	0	0	0	0	0	0	0
1022	0	0	0	0	0	0	0	0
1023	0	0	0	0	0	0	0	0
1024	0	0	0	0	0	0	0	0
1025	0	0	0	0	0	0	0	0
1026	0	0	0	0	0	0	0	0
1027	0	0	0	0	0	0	0	0
1028	0	0	0	0	0	0	0	0
1029	0	0	0	0	0	0	0	0
1030	0	0	0	0	0	0	0	0
1031	0	0	0	0	0	0	0	0
1032	0	0	0	0	0	0	0	0
1033	0	0	0	0	0	0	0	0
1034	0	0	0	0	0	0	0	0
1035	0	0	0	0	0	0	0	0
1036	0	0	0	0	0	0	0	0
1037	0	0	0	0	0	0	0	0
1038	7	0	7	0	7	0	7	0
1039	14	0	14	0	14	0	14	0
1040	21	0	21	0	21	0	21	0
1041	29	0	29	0	29	0	29	0
1042	30	0	30	0	30	0	30	0
1043	31	0	31	0	31	0	31	0
1044	33	0	33	0	33	0	33	0
1045	35	0	35	0	35	0	35	0
1046	37	0	37	0	37	0	37	0
1047	60	0	60	0	60	0	60	0
1048	61	0	61	0	61	0	61	0
1049	62	0	62	0	62	0	62	0
1050	63	0	63	0	63	0	63	0
1051	64	0	64	0	64	0	64	0
1052	65	0	65	0	65	0	65	0
1053	66	0	66	0	66	0	66	0
1054	67	0	67	0	67	0	67	0
1055	68	0	68	0	68	0	68	0
1056	69	0	69	0	69	0	69	0
1057	70	0	70	0	70	0	70	0
1058	70	0	70	0	70	0	70	0
1059	71	0	71	0	71	0	71	0
1060	72	0	72	0	72	0	72	0
1061	73	0	73	0	73	0	73	0
1062	74	0	74	0	74	0	74	0
1063	75	0	75	0	75	0	75	0
1064	76	0	76	0	76	0	76	0
1065	77	0	77	0	77	0	77	0
1066	78	0	78	0	78	0	78	0
1067	79	0	79	0	79	0	79	0
1068	80	0	80	0	80	0	80	0
1069	81	0	81	0	81	0	81	0
1070	81	0	81	0	81	0	81	0
1071	82	0	82	0	82	0	82	0
1072	83	0	83	0	83	0	83	0
1073	84	0	84	0	84	0	84	0
1074	85	0	85	0	85	0	85	0
1075	86	0	86	0	86	0	86	0
1076	87	0	87	0	87	0	87	0
1077	88	0	88	0	88	0	88	0
1078	89	0	89	0	89	0	89	0
1079	0	0	0	0	0	0	0	0
1080	0	0	0	0	0	0	0	0
1081	0	0	0	0	0	0	0	0
1082	0	0	0	0	0	0	0	0
1083	0	0	0	0	0	0	0	0
1084	0	0	0	0	0	0	0	0
1085	0	0	0	0	0	0	0	0
1086	0	0	0	0	0	0	0	0
1087	0	0	0	0	0	0	0	0
1088	0	0	0	0	0	0	0	0
1089	0	0	0	0	0	0	0	0
1090	0	0	0	0	0	0	0	0
1091	0	0	0	0	0	0	0	0
1092	0	0	0	0	0	0	0	0
1093	0	0	0	0	0	0	0	0
1094	0	0	0	0	0	0	0	0
1095	0	0	0	0	0	0	0	0
1096	0	0	0	0	0	0	0	0
1097	0	0	0	0	0	0	0	0
1098	0	0	0	0	0	0	0	0
1099	0	0	0	0	0	0	0	0
1100	0	0	0	0	0	0	0	0
1101	0	0	0	0	0	0	0	0
1102	0	0	0	0	0	0	0	0
1103	0	0	0	0	0	0	0	0
1104	0	0	0	0	0	0	0	0
1105	0	0	0	0	0	0	0	0
1106	0	0	0	0	0	0	0	0
1107	0	0	0	0	0	0	0	0
1108	7	0	0	0	0	0	0	0
1109	14	0	0	0	0	0	0	0
1110	22	0	0	0	0	0	0	0
1111	29	0	0	0	0	0	0	0
1112	30	0	0	0	0	0	0	0
1113	31	0	0	0	0	0	0	0
1114	33	0	0	0	0	0	0	0
1115	35	0	0	0	0	0	0	0
1116	37	0	0	0	0	0	0	0
1117	39	0	0	0	0	0	0	0
1118	41	0	0	0	0	0	0	0
1119	42	0	0	0	0	0	0	0
1120	44	0	0	0	0	0	0	0
1121	46	0	0	0	0	0	0	0
1122	48	0	0	0	0	0	0	0
1123	50	0	0	0	0	0	0	0
1124	52	0	7	0	0	0	0	0
1125	53	0	15	0	0	0	0	0
1126	55	0	22	0	0	0	0	0
1127	57	0	29	0	0	0	0	0
1128	59	0	30	0	0	0	0	0
1129	60	0	31	0	0	0	0	0
1130	60	0	33	0	0	0	0	0
1131	60	0	35	0	0	0	0	0
1132	60	0	37	0	7	0	0	0
1133	60	0	39	0	14	0	0	0
1134	60	0	41	0	22	0	0	0
1135	60	0	42	0	29	0	0	0
1136	60	0	44	0	30	0	0	0
1137	60	0	46	0	31	0	0	0
1138	60	0	48	0	33	0	0	0
1139	60	0	50	0	35	0	0	0
1140	60	0	51	0	37	0	0	0
1141	60	0	53	0	39	0	7	0
1142	60	0	55	0	41	0	14	0
1143	60	0	57	0	42	0	21	0
1144	60	0	59	0	44	0	29	0
1145	7	0	7	0	7	0	7	0
1146	14	0	14	0	14	0	14	0
1147	21	0	21	0	21	0	21	0
1148	29	0	29	0	29	0	29	0
1149	30	0	30	0	30	0	30	0
1150	31	0	31	0	31	0	31	0
1151	33	0	33	0	33	0	33	0
1152	35	0	35	0	35	0	35	0
1153	37	0	37	0	37	0	37	0
1154	39	0	39	0	39	0	39	0
1155	40	0	40	0	40	0	40	0
1156	42	0	42	0	42	0	42	0
1157	60	0	60	0	60	0	60	0
1158	61	0	61	0	61	0	61	0
1159	62	0	62	0	62	0	62	0
1160	63	0	63	0	63	0	63	0
1161	64	0	64	0	64	0	64	0
1162	65	0	65	0	65	0	65	0
1163	66	0	66	0	66	0	66	0
1164	67	0	67	0	67	0	67	0
1165	68	0	68	0	68	0	68	0
1166	69	0	69	0	69	0	69	0
1167	70	0	70	0	70	0	70	0
1168	70	0	70	0	70	0	70	0
1169	71	0	71	0	71	0	71	0
1170	72	0	72	0	72	0	72	0
1171	73	0	73	0	73	0	73	0
1172	74	0	74	0	74	0	74	0
1173	75	0	75	0	75	0	75	0
1174	76	0	76	0	76	0	76	0
1175	77	0	77	0	77	0	77	0
1176	78	0	78	0	78	0	78	0
1177	79	0	79	0	79	0	79	0
1178	80	0	80	0	80	0	80	0
1179	81	0	81	0	81	0	81	0
1180	81	0	81	0	81	0	81	0
1181	82	0	82	0	82	0	82	0
1182	83	0	83	0	83	0	83	0
1183	84	0	84	0	84	0	84	0
1184	85	0	85	0	85	0	85	0
1185	86	0	86	0	86	0	86	0
1186	87	0	87	0	87	0	87	0
1187	88	0	88	0	88	0	88	0
1188	89	0	89	0	89	0	89	0
1189	0	0	0	0	0	0	0	0
1190	0	0	0	0	0	0	0	0
1191	0	0	0	0	0	0	0	0
1192	0	0	0	0	0	0	0	0
1193	0	0	0	0	0	0	0	0
1194	0	0	0	0	0	0	0	0
1195	0	0	0	0	0	0	0	0
1196	0	0	0	0	0	0	0	0
1197	0	0	0	0	0	0	0	0
1198	0	0	0	0	0	0	0	0
1199	0	0	0	0	0	0	0	0
1200	0	0	0	0	0	0	0	0
1201	0	0	0	0	0	0	0	0
1202	0	0	0	0	0	0	0	0
1203	0	0	0	0	0	0	0	0
1204	0	0	0	0	0	0	0	0
1205	0	0	0	0	0	0	0	0
1206	0	0	0	0	0	0	0	0
1207	0	0	0	0	0	0	0	0
1208	0	0	0	0	0	0	0	0
1209	0	0	0	0	0	0	0	0
1210	0	0	0	0	0	0	0	0
1211	0	0	0	0	0	0	0	0
1212	0	0	0	0	0	0	0	0
1213	0	0	0	0	0	0	0	0
1214	0	0	0	0	0	0	0	0
1215	0	0	0	0	0	0	0	0
1216	0	0	0	0	0	0	0	0
1217	0	0	0	0	0	0	0	0
1218	0	0	0	0	0	0	0	0
1219	0	0	0	0	0	0	0	0
1220	0	0	0	0	0	0	0	0
1221	0	0	0	0	0	0	0	0
1222	0	0	0	0	0	0	0	0
1223	0	0	0	0	0	0	0	0
1224	0	0	0	0	0	0	0	0
1225	0	0	0	0	0	0	0	0
1226	0	0	0	0	0	0	0	0
1227	0	0	0	0	0	0	0	0
1228	0	0	0	0	0	0	0	0
1229	0	0	0	0	0	0	0	0
1230	0	0	0	0	0	0	0	0
1231	0	0	0	0	0	0	0	0
1232	0	0	0	0	0	0	0	0
1233	0	0	0	0	0	0	0	0
1234	0	0	0	0	0	0	0	0
1235	0	0	0	0	0	0	0	0
1236	0	0	0	0	0	0	0	0
1237	0	0	0	0	0	0	0	0
1238	0	0	0	0	0	0	0	0
1239	0	0	0	0	0	0	7	0
1240	0	0	0	0	0	0	14	0
1241	0	0	0	0	0	0	22	0
1242	0	0	0	0	0	0	29	0
1243	0	0	0	0	0	0	30	0
1244	0	0	0	0	0	0	31	0
1245	0	0	0	0	0	0	33	0
1246	0	0	0	0	0	0	35	0
1247	0	0	0	0	0	0	37	0
1248	0	0	0	0	0	0	39	0
1249	0	0	0	0	0	0	41	0
1250	0	0	0	0	0	0	42	0
1251	0	0	0	0	0	0	44	0
1252	0	0	0	0	0	0	46	0
1253	0	0	0	0	0	0	48	0
1254	0	0	0	0	0	0	50	0
1255	0	0	0	0	7	0	51	0
1256	0	0	0	0	14	0	53	0
1257	0	0	0	0	22	0	55	0
1258	0	0	0	0	29	0	57	0
1259	0	0	0	0	30	0	59	0
1260	0	0	0	0	31	0	60	0
1261	0	0	0	0	33	0	60	0
1262	0	0	0	0	35	0	60	0
1263	0	0	7	0	37	0	60	0
1264	0	0	14	0	39	0	60	0
1265	0	0	22	0	41	0	60	0
1266	0	0	29	0	42	0	60	0
1267	0	0	30	0	44	0	60	0
1268	0	0	31	0	46	0	60	0
1269	0	0	33	0	48	0	60	0
1270	0	0	35	0	50	0	60	0
1271	0	0	37	0	51	0	60	0
1272	7	0	39	0	53	0	60	0
1273	15	0	41	0	55	0	60	0
1274	22	0	42	0	57	0	60	0
1275	29	0	44	0	59	0	60	0
1276	30	0	46	0	60	0	60	0
1277	31	0	48	0	60	0	60	0
1278	33	0	50	0	60	0	60	0
1279	35	0	51	0	60	0	60	0
1280	37	0	53	0	60	0	60	0
1281	39	0	55	0	60	0	60	0
1282	41	0	57	0	60	0	60	0
1283	42	0	59	0	60	0	60	0
1284	44	0	60	0	60	0	60	0
1285	46	0	60	0	60	0	60	0
1286	48	0	60	0	60	0	60	0
1287	50	0	60	0	60	0	60	0
1288	60	0	60	0	60	0	60	0
1289	61	0	61	0	61	0	61	0
1290	62	0	62	0	62	0	62	0
1291	63	0	63	0	63	0	63	0
1292	64	0	64	0	64	0	64	0
1293	65	0	65	0	65	0	65	0
1294	66	0	66	0	66	0	66	0
1295	67	0	67	0	67	0	67	0
1296	68	0	68	0	68	0	68	0
1297	69	0	69	0	69	0	69	0
1298	70	0	70	0	70	0	70	0
1299	71	0	71	0	71	0	71	0
1300	71	0	71	0	71	0	71	0
1301	72	0	72	0	72	0	72	0
1302	73	0	73	0	73	0	73	0
1303	74	0	74	0	74	0	74	0
1304	75	0	75	0	75	0	75	0
1305	76	0	76	0	76	0	76	0
1306	77	0	77	0	77	0	77	0
1307	78	0	78	0	78	0	78	0
1308	79	0	79	0	79	0	79	0
1309	80	0	80	0	80	0	80	0
1310	81	0	81	0	81	0	81	0
1311	82	0	82	0	82	0	82	0
1312	82	0	82	0	82	0	82	0
1313	83	0	83	0	83	0	83	0
1314	84	0	84	0	84	0	84	0
1315	85	0	85	0	85	0	85	0
1316	86	0	86	0	86	0	86	0
1317	87	0	87	0	87	0	87	0
1318	88	0	88	0	88	0	88	0
1319	89	0	89	0	89	0	89	0
1320	0	0	0	0	0	0	0	0
1321	0	0	0	0	0	0	0	0
1322	0	0	0	0	0	0	0	0
1323	0	0	0	0	0	0	0	0
1324	0	0	0	0	0	0	0	0
1325	0	0	0	0	0	0	0	0
1326	0	0	0	0	0	0	0	0
1327	0	0	0	0	0	0	0	0
1328	0	0	0	0	0	0	0	0
1329	0	0	0	0	0	0	0	0
1330	0	0	0	0	0	0	0	0
1331	0	0	0	0	0	0	0	0
1332	0	0	0	0	0	0	0	0
1333	0	0	0	0	0	0	0	0
1334	0	0	0	0	0	0	0	0
1335	0	0	0	0	0	0	0	0
1336	0	0	0	0	0	0	0	0
1337	0	0	0	0	0	0	0	0
1338	0	0	0	0	0	0	0	0
1339	0	0	0	0	0	0	0	0
1340	0	0	0	0	0	0	0	0
1341	0	0	0	0	0	0	0	0
1342	0	0	0	0	0	0	0	0
1343	0	0	0	0	0	0	0	0
1344	0	0	0	0	0	0	0	0
1345	0	0	0	0	0	0	0	0
1346	0	0	0	0	0	0	0	0
1347	0	0	0	0	0	0	0	0
1348	0	0	0	0	0	0	0	0
1349	0	0	0	0	0	0	0	0
1350	0	0	0	0	0	0	0	0
1351	0	0	0	0	0	0	0	0
1352	0	0	0	0	0	0	0	0
1353	0	0	0	0	0	0	0	0
1354	0	0	0	0	0	0	0	0
1355	0	0	0	0	0	0	0	0
1356	0	0	0	0	0	0	0	0
1357	0	0	0	0	0	0	0	0
1358	0	0	0	0	0	0	0	0
1359	0	0	0	0	0	0	0	0
1360	0	0	0	0	0	0	0	0
1361	0	0	0	0	0	0	0	0
1362	0	0	0	0	0	0	0	0
1363	0	0	0	0	0	0	0	0
1364	0	0	0	0	0	0	0	0
1365	0	0	0	0	0	0	0	0
1366	0	0	0	0	0	0	0	0
1367	0	0	0	0	0	0	0	0
1368	0	0	0	0	0	0	0	0
1369	0	0	0	0	0	0	0	0
1370	6	0	0	0	0	0	0	0
1371	14	0	0	0	0	0	0	0
1372	21	0	0	0	0	0	0	0
1373	29	0	0	0	0	0	0	0
1374	30	0	0	0	0	0	0	0
1375	31	0	0	0	0	0	0	0
1376	33	0	0	0	0	0	0	0
1377	35	0	0	0	0	0	0	0
1378	37	0	0	0	0	0	0	0
1379	39	0	0	0	0	0	0	0
1380	40	0	0	0	0	0	0	0
1381	42	0	0	0	0	0	0	0
1382	44	0	0	0	0	0	0	0
1383	46	0	0	0	0	0	0	0
1384	48	0	0	0	0	0	0	0
1385	50	0	0	0	0	0	0	0
1386	52	0	0	0	7	0	0	0
1387	53	0	0	0	14	0	0	0
1388	55	0	0	0	21	0	0	0
1389	57	0	0	0	29	0	0	0
1390	59	0	0	0	30	0	0	0
1391	60	0	0	0	31	0	0	0
1392	60	0	0	0	33	0	0	0
1393	60	0	0	0	35	0	0	0
1394	60	0	7	0	37	0	0	0
1395	60	0	14	0	39	0	0	0
1396	60	0	21	0	40	0	0	0
1397	60	0	29	0	42	0	0	0
1398	60	0	30	0	44	0	0	0
1399	60	0	31	0	46	0	0	0
1400	60	0	33	0	48	0	0	0
1401	60	0	35	0	50	0	0	0
1402	60	0	37	0	51	0	7	0
1403	60	0	39	0	53	0	14	0
1404	60	0	41	0	55	0	22	0
1405	60	0	42	0	57	0	29	0
1406	60	0	44	0	59	0	30	0
1407	60	0	46	0	60	0	31	0
1408	60	0	48	0	60	0	33	0
1409	60	0	50	0	60	0	35	0
1410	60	0	51	0	60	0	37	0
1411	60	0	53	0	60	0	39	0
1412	60	0	55	0	60	0	40	0
1413	60	0	57	0	60	0	42	0
1414	60	0	59	0	60	0	44	0
1415	60	0	60	0	60	0	46	0
1416	60	0	60	0	60	0	48	0
1417	60	0	60	0	60	0	50	0
1418	60	0	60	0	60	0	51	0
1419	60	0	60	0	60	0	60	0
1420	61	0	61	0	61	0	61	0
1421	62	0	62	0	62	0	62	0
1422	63	0	63	0	63	0	63	0
1423	64	0	64	0	64	0	64	0
1424	65	0	65	0	65	0	65	0
1425	66	0	66	0	66	0	66	0
1426	67	0	67	0	67	0	67	0
1427	68	0	68	0	68	0	68	0
1428	69	0	69	0	69	0	69	0
1429	70	0	70	0	70	0	70	0
1430	71	0	71	0	71	0	71	0
1431	71	0	71	0	71	0	71	0
1432	72	0	72	0	72	0	72	0
1433	73	0	73	0	73	0	73	0
1434	74	0	74	0	74	0	74	0
1435	75	0	75	0	75	0	75	0
1436	76	0	76	0	76	0	76	0
1437	77	0	77	0	77	0	77	0
1438	78	0	78	0	78	0	78	0
1439	79	0	79	0	79	0	79	0
1440	80	0	80	0	80	0	80	0
1441	81	0	81	0	81	0	81	0
1442	82	0	82	0	82	0	82	0
1443	82	0	82	0	82	0	82	0
1444	83	0	83	0	83	0	83	0
1445	84	0	84	0	84	0	84	0
1446	85	0	85	0	85	0	85	0
1447	86	0	86	0	86	0	86	0
1448	87	0	87	0	87	0	87	0
1449	88	0	88	0	88	0	88	0
1450	89	0	89	0	89	0	89	0
1451	0	0	0	0	0	0	0	0
1452	0	0	0	0	0	0	0	0
1453	0	0	0	0	0	0	0	0
1454	0	0	0	0	0	0	0	0
1455	0	0	0	0	0	0	0	0
1456	0	0	0	0	0	0	0	0
1457	0	0	0	0	0	0	0	0
1458	0	0	0	0	0	0	0	0
1459	0	0	0	0	0	0	0	0
1460	0	0	0	0	0	0	0	0
1461	0	0	0	0	0	0	0	0
1462	0	0	0	0	0	0	0	0
1463	0	0	0	0	0	0	0	0
1464	0	0	0	0	0	0	0	0
1465	0	0	0	0	0	0	0	0
1466	0	0	0	0	0	0	0	0
1467	0	0	0	0	0	0	0	0
1468	0	0	0	0	0	0	0	0
1469	0	0	0	0	0	0	0	0
1470	0	0	0	0	0	0	0	0
1471	0	0	0	0	0	0	0	0
1472	0	0	0	0	0	0	0	0
1473	0	0	0	0	0	0	0	0
1474	0	0	0	0	0	0	0	0
1475	0	0	0	0	0	0	0	0
1476	0	0	0	0	0	0	0	0
1477	0	0	0	0	0	0	0	0
1478	0	0	0	0	0	0	0	0
1479	0	0	0	0	0	0	0	0
1480	0	0	0	0	0	0	0	0
1481	0	0	0	0	0	0	0	0
1482	0	0	0	0	0	0	0	0
1483	0	0	0	0	0	0	0	0
1484	0	0	0	0	0	0	0	0
1485	0	0	0	0	0	0	0	0
1486	0	0	0	0	0	0	0	0
1487	0	0	0	0	0	0	0	0
1488	0	0	0	0	0	0	0	0
1489	0	0	0	0	0	0	0	0
1490	0	0	0	0	0	0	0	0
1491	0	0	0	0	0	0	0	0
1492	0	0	0	0	0	0	0	0
1493	0	0	0	0	0	0	0	0
1494	0	0	0	0	0	0	0	0
1495	0	0	0	0	0	0	0	0
1496	0	0	0	0	0	0	0	0
1497	0	0	0	0	0	0	0	0
1498	0	0	0	0	0	0	0	0
1499	0	0	0	0	0	0	0	0
1500	0	0	0	0	0	0	0	0
1501	7	0	0	0	7	0	0	0
1502	14	0	0	0	14	0	0	0
1503	21	0	0	0	21	0	0	0
1504	29	0	0	0	29	0	0	0
1505	30	0	0	0	30	0	0	0
1506	31	0	0	0	31	0	0	0
1507	33	0	0	0	33	0	0	0
1508	35	0	0	0	35	0	0	0
1509	37	0	0	0	37	0	0	0
1510	39	0	0	0	39	0	0	0
1511	40	0	0	0	40	0	0	0
1512	42	0	0	0	42	0	0	0
1513	44	0	0	0	44	0	0	0
1514	46	0	0	0	46	0	0	0
1515	48	0	0	0	48	0	0	0
1516	50	0	0	0	50	0	0	0
1517	60	0	0	0	60	0	0	0
1518	61	0	0	0	61	0	0	0
1519	62	0	0	0	62	0	0	0
1520	63	0	0	0	63	0	0	0
1521	64	0	0	0	64	0	0	0
1522	65	0	0	0	65	0	0	0
1523	66	0	0	0	66	0	0	0
1524	67	0	0	0	67	0	0	0
1525	68	0	0	0	68	0	0	0
1526	69	0	0	0	69	0	0	0
1527	70	0	0	0	70	0	0	0
1528	70	0	0	0	70	0	0	0
1529	71	0	0	0	71	0	0	0
1530	72	0	0	0	72	0	0	0
1531	73	0	0	0	73	0	0	0
1532	74	0	0	0	74	0	0	0
1533	75	0	0	0	75	0	0	0
1534	76	0	0	0	76	0	0	0
1535	77	0	0	0	77	0	0	0
1536	78	0	0	0	78	0	0	0
1537	79	0	0	0	79	0	0	0
1538	80	0	0	0	80	0	0	0
1539	81	0	0	0	81	0	0	0
1540	81	0	0	0	81	0	0	0
1541	82	0	0	0	82	0	0	0
1542	83	0	0	0	83	0	0	0
1543	84	0	0	0	84	0	0	0
1544	85	0	0	0	85	0	0	0
1545	86	0	0	0	86	0	0	0
1546	87	0	0	0	87	0	0	0
1547	88	0	0	0	88	0	0	0
1548	89	0	0	0	89	0	0	0
1549	0	0	0	0	0	0	0	0
1550	0	0	0	0	0	0	0	0
1551	0	0	0	0	0	0	0	0
1552	0	0	0	0	0	0	0	0
1553	0	0	0	0	0	0	0	0
1554	0	0	0	0	0	0	0	0
1555	0	0	0	0	0	0	0	0
1556	0	0	0	0	0	0	0	0
1557	0	0	0	0	0	0	0	0
1558	0	0	0	0	0	0	0	0
1559	0	0	0	0	0	0	0	0
1560	0	0	0	0	0	0	0	0
1561	0	0	0	0	0	0	0	0
1562	0	0	0	0	0	0	0	0
1563	0	0	0	0	0	0	0	0
1564	0	0	0	0	0	0	0	0
1565	0	0	0	0	0	0	0	0
1566	0	0	7	0	0	0	7	0
1567	0	0	15	0	0	0	15	0
1568	0	0	22	0	0	0	22	0
1569	0	0	29	0	0	0	29	0
1570	0	0	30	0	0	0	30	0
1571	0	0	31	0	0	0	31	0
1572	0	0	33	0	0	0	33	0
1573	0	0	35	0	0	0	35	0
1574	0	0	37	0	0	0	37	0
1575	0	0	39	0	0	0	39	0
1576	0	0	41	0	0	0	41	0
1577	0	0	42	0	0	0	42	0
1578	0	0	44	0	0	0	44	0
1579	0	0	46	0	0	0	46	0
1580	0	0	48	0	0	0	48	0
1581	0	0	50	0	0	0	50	0
1582	0	0	60	0	0	0	60	0
1583	0	0	61	0	0	0	61	0
1584	0	0	62	0	0	0	62	0
1585	0	0	63	0	0	0	63	0
1586	0	0	64	0	0	0	64	0
1587	0	0	65	0	0	0	65	0
1588	0	0	66	0	0	0	66	0
1589	0	0	67	0	0	0	67	0
1590	0	0	68	0	0	0	68	0
1591	0	0	69	0	0	0	69	0
1592	0	0	70	0	0	0	70	0
1593	0	0	71	0	0	0	71	0
1594	0	0	71	0	0	0	71	0
1595	0	0	72	0	0	0	72	0
1596	0	0	73	0	0	0	73	0
1597	0	0	74	0	0	0	74	0
1598	0	0	75	0	0	0	75	0
1599	0	0	76	0	0	0	76	0
1600	0	0	77	0	0	0	77	0
1601	0	0	78	0	0	0	78	0
1602	0	0	79	0	0	0	79	0
1603	0	0	80	0	0	0	80	0
1604	0	0	81	0	0	0	81	0
1605	0	0	82	0	0	0	82	0
1606	0	0	82	0	0	0	82	0
1607	0	0	83	0	0	0	83	0
1608	0	0	84	0	0	0	84	0
1609	0	0	85	0	0	0	85	0
1610	0	0	86	0	0	0	86	0
1611	0	0	87	0	0	0	87	0
1612	0	0	88	0	0	0	88	0
1613	0	0	89	0	0	0	89	0
1614	0	0	0	0	0	0	0	0
1615	0	0	0	0	0	0	0	0
1616	0	0	0	0	0	0	0	0
1617	0	0	0	0	0	0	0	0
1618	0	0	0	0	0	0	0	0
1619	0	0	0	0	0	0	0	0
1620	0	0	0	0	0	0	0	0
1621	0	0	0	0	0	0	0	0
1622	0	0	0	0	0	0	0	0
1623	0	0	0	0	0	0	0	0
1624	0	0	0	0	0	0	0	0
1625	0	0	0	0	0	0	0	0
1626	0	0	0	0	0	0	0	0
1627	0	0	0	0	0	0	0	0
1628	0	0	0	0	0	0	0	0
1629	0	0	0	0	0	0	0	0
1630	0	0	0	0	0	0	0	0
1631	0	7	0	0	0	7	0	0
1632	0	14	0	0	0	14	0	0
1633	0	21	0	0	0	21	0	0
1634	0	28	0	0	0	28	0	0
1635	0	30	0	0	0	30	0	0
1636	0	31	0	0	0	31	0	0
1637	0	33	0	0	0	33	0	0
1638	0	35	0	0	0	35	0	0
1639	0	37	0	0	0	37	0	0
1640	0	39	0	0	0	39	0	0
1641	0	41	0	0	0	41	0	0
1642	0	42	0	0	0	42	0	0
1643	0	44	0	0	0	44	0	0
1644	0	46	0	0	0	46	0	0
1645	0	48	0	0	0	48	0	0
1646	0	50	0	0	0	50	0	0
1647	0	52	0	0	0	52	0	0
1648	0	60	0	0	0	60	0	0
1649	0	61	0	0	0	61	0	0
1650	0	62	0	0	0	62	0	0
1651	0	63	0	0	0	63	0	0
1652	0	64	0	0	0	64	0	0
1653	0	65	0	0	0	65	0	0
1654	0	66	0	0	0	66	0	0
1655	0	67	0	0	0	67	0	0
1656	0	68	0	0	0	68	0	0
1657	0	69	0	0	0	69	0	0
1658	0	70	0	0	0	70	0	0
1659	0	70	0	0	0	70	0	0
1660	0	71	0	0	0	71	0	0
1661	0	72	0	0	0	72	0	0
1662	0	73	0	0	0	73	0	0
1663	0	74	0	0	0	74	0	0
1664	0	75	0	0	0	75	0	0
1665	0	76	0	0	0	76	0	0
1666	0	77	0	0	0	77	0	0
1667	0	78	0	0	0	78	0	0
1668	0	79	0	0	0	79	0	0
1669	0	80	0	0	0	80	0	0
1670	0	81	0	0	0	81	0	0
1671	0	82	0	0	0	82	0	0
1672	0	82	0	0	0	82	0	0
1673	0	83	0	0	0	83	0	0
1674	0	84	0	0	0	84	0	0
1675	0	85	0	0	0	85	0	0
1676	0	86	0	0	0	86	0	0
1677	0	87	0	0	0	87	0	0
1678	0	88	0	0	0	88	0	0
1679	0	89	0	0	0	89	0	0
1680	0	0	0	0	0	0	0	0
1681	0	0	0	0	0	0	0	0
1682	0	0	0	0	0	0	0	0
1683	0	0	0	0	0	0	0	0
1684	0	0	0	0	0	0	0	0
1685	0	0	0	0	0	0	0	0
1686	0	0	0	0	0	0	0	0
1687	0	0	0	0	0	0	0	0
1688	0	0	0	0	0	0	0	0
1689	0	0	0	0	0	0	0	0
1690	0	0	0	0	0	0	0	0
1691	0	0	0	0	0	0	0	0
1692	0	0	0	0	0	0	0	0
1693	0	0	0	0	0	0	0	0
1694	0	0	0	0	0	0	0	0
1695	0	0	0	0	0	0	0	0
1696	0	0	0	0	0	0	0	0
1697	0	0	0	6	0	0	0	6
1698	0	0	0	14	0	0	0	14
1699	0	0	0	22	0	0	0	22
1700	0	0	0	29	0	0	0	29
1701	0	0	0	30	0	0	0	30
1702	0	0	0	31	0	0	0	31
1703	0	0	0	33	0	0	0	33
1704	0	0	0	35	0	0	0	35
1705	0	0	0	37	0	0	0	37
1706	0	0	0	39	0	0	0	39
1707	0	0	0	41	0	0	0	41
1708	0	0	0	42	0	0	0	42
1709	0	0	0	44	0	0	0	44
1710	0	0	0	46	0	0	0	46
1711	0	0	0	48	0	0	0	48
1712	0	0	0	50	0	0	0	50
1713	0	0	0	60	0	0	0	60
1714	0	0	0	61	0	0	0	61
1715	0	0	0	62	0	0	0	62
1716	0	0	0	63	0	0	0	63
1717	0	0	0	64	0	0	0	64
1718	0	0	0	65	0	0	0	65
1719	0	0	0	66	0	0	0	66
1720	0	0	0	67	0	0	0	67
1721	0	0	0	68	0	0	0	68
1722	0	0	0	69	0	0	0	69
1723	0	0	0	70	0	0	0	70
1724	0	0	0	71	0	0	0	71
1725	0	0	0	71	0	0	0	71
1726	0	0	0	72	0	0	0	72
1727	0	0	0	73	0	0	0	73
1728	0	0	0	74	0	0	0	74
1729	0	0	0	75	0	0	0	75
1730	0	0	0	76	0	0	0	76
1731	0	0	0	77	0	0	0	77
1732	0	0	0	78	0	0	0	78
1733	0	0	0	79	0	0	0	79
1734	0	0	0	80	0	0	0	80
1735	0	0	0	81	0	0	0	81
1736	0	0	0	82	0	0	0	82
1737	0	0	0	82	0	0	0	82
1738	0	0	0	83	0	0	0	83
1739	0	0	0	84	0	0	0	84
1740	0	0	0	85	0	0	0	85
1741	0	0	0	86	0	0	0	86
1742	0	0	0	87	0	0	0	87
1743	0	0	0	88	0	0	0	88
1744	0	0	0	89	0	0	0	89
1745	0	0	0	0	0	0	0	0
1746	0	0	0	0	0	0	0	0
1747	0	0	0	0	0	0	0	0
1748	0	0	0	0	0	0	0	0
1749	0	0	0	0	0	0	0	0
1750	0	0	0	0	0	0	0	0
1751	0	0	0	0	0	0	0	0
1752	0	0	0	0	0	0	0	0
1753	0	0	0	0	0	0	0	0
1754	0	0	0	0	0	0	0	0
1755	0	0	0	0	0	0	0	0
1756	0	0	0	0	0	0	0	0
1757	0	0	0	0	0	0	0	0
1758	0	0	0	0	0	0	0	0
1759	0	0	0	0	0	0	0	0
1760	0	0	0	0	0	0	0	0
1761	0	0	0	0	0	0	0	0
1762	7	0	0	0	0	0	0	0
1763	14	0	0	0	0	0	0	0
1764	21	0	0	0	0	0	0	0
1765	29	0	0	0	0	0	0	0
1766	30	0	0	0	0	0	0	0
1767	31	0	0	0	0	0	0	0
1768	33	0	0	0	0	0	0	0
1769	35	0	0	0	0	0	0	0
1770	37	0	0	0	0	0	0	0
1771	39	0	0	0	0	0	0	0
1772	41	0	0	0	0	0	0	0
1773	42	0	0	0	0	0	0	0
1774	44	0	0	0	0	0	0	0
1775	46	0	0	0	0	0	0	0
1776	48	0	0	0	0	0	0	0
1777	50	0	0	0	0	0	0	0
1778	52	0	0	0	0	0	0	0
1779	53	0	7	0	0	0	0	0
1780	55	0	14	0	0	0	0	0
1781	57	0	22	0	0	0	0	0
1782	59	0	29	0	0	0	0	0
1783	60	0	30	0	0	0	0	0
1784	60	0	31	0	0	0	0	0
1785	60	0	33	0	0	0	0	0
1786	60	0	35	0	7	0	0	0
1787	60	0	37	0	14	0	0	0
1788	60	0	39	0	21	0	0	0
1789	60	0	41	0	29	0	0	0
1790	60	0	42	0	30	0	0	0
1791	60	0	44	0	31	0	0	0
1792	60	0	46	0	33	0	0	0
1793	60	0	48	0	35	0	0	0
1794	60	0	50	0	37	0	7	0
1795	60	0	52	0	39	0	14	0
1796	60	0	53	0	41	0	21	0
1797	60	0	55	0	42	0	29	0
1798	60	0	57	0	44	0	30	0
1799	60	0	59	0	46	0	31	0
1800	60	0	60	0	48	0	33	0
1801	60	0	60	0	50	0	35	0
1802	60	0	60	0	52	0	37	0
1803	60	7	60	0	53	0	39	0
1804	60	14	60	0	55	0	41	0
1805	60	22	60	0	57	0	42	0
1806	60	29	60	0	59	0	44	0
1807	60	30	60	0	60	0	46	0
1808	60	31	60	0	60	0	48	0
1809	60	33	60	0	60	0	50	0
1810	60	35	60	0	60	0	52	0
1811	60	37	60	0	60	0	53	0
1812	60	39	60	7	60	0	55	0
1813	60	40	60	14	60	0	57	0
1814	60	42	60	21	60	0	59	0
1815	60	44	60	29	60	0	60	0
1816	60	46	60	30	60	0	60	0
1817	60	48	60	31	60	0	60	0
1818	60	50	60	33	60	0	60	0
1819	60	51	60	35	60	0	60	0
1820	60	53	60	37	60	7	60	0
1821	60	55	60	39	60	14	60	0
1822	60	57	60	40	60	22	60	0
1823	60	59	60	42	60	29	60	0
1824	60	60	60	44	60	30	60	0
1825	60	60	60	46	60	31	60	0
1826	60	60	60	48	60	33	60	0
1827	60	60	60	50	60	35	60	0
1828	60	60	60	52	60	37	60	7
1829	60	60	60	53	60	39	60	14
1830	60	60	60	55	60	40	60	21
1831	60	60	60	57	60	42	60	29
1832	60	60	60	59	60	44	60	30
1833	60	60	60	60	60	46	60	31
1834	60	60	60	60	60	48	60	33
1835	60	60	60	60	60	50	60	35
1836	60	60	60	60	60	51	60	37
1837	60	60	60	60	60	53	60	39
1838	60	60	60	60	60	55	60	41
1839	60	60	60	60	60	57	60	42
1840	60	60	60	60	60	59	60	44
1841	60	60	60	60	60	60	60	46
1842	60	60	60	60	60	60	60	48
1843	60	60	60	60	60	60	60	50
1844	60	60	60	60	60	60	60	52
1845	60	60	60	60	60	60	60	53
1846	60	60	60	60	60	60	60	55
1847	60	60	60	60	60	60	60	57
1848	60	60	60	60	60	60	60	59
1849	60	60	60	60	60	60	60	60
1850	60	60	60	60	60	60	60	60
1851	60	60	60	60	60	60	60	60
1852	60	60	60	60	60	60	60	60
1853	60	60	60	60	60	60	60	60
1854	60	60	60	60	60	60	60	60
1855	60	60	60	60	60	60	60	60
1856	60	60	60	60	60	60	60	60
1857	60	60	60	60	60	60	60	60
1858	60	60	60	60	60	60	60	60
1859	60	60	60	60	60	60	60	60
1860	60	60	60	60	60	60	60	60
1861	60	60	60	60	60	60	60	60
1862	60	60	60	60	60	60	60	60
1863	60	60	60	60	60	60	60	60
1864	60	60	60	60	60	60	60	60
1865	60	60	60	60	60	60	60	60
1866	60	60	60	60	60	60	60	60
1867	60	60	60	60	60	60	60	60
1868	60	60	60	60	60	60	60	60
1869	60	60	60	60	60	60	60	60
1870	60	60	60	60	60	60	60	60
1871	60	60	60	60	60	60	60	60
1872	60	60	60	60	60	60	60	60
1873	60	60	60	60	60	60	60	60
1874	60	60	60	60	60	60	60	60
1875	60	60	60	60	60	60	60	60
1876	60	60	60	60	60	60	60	60
1877	60	60	60	60	60	60	60	60
1878	60	60	60	60	60	60	60	60
1879	60	60	60	60	60	60	60	60
1880	60	60	60	60	60	60	60	60
1881	60	60	60	60	60	60	60	60
1882	60	60	60	60	60	60	60	60
1883	60	60	60	60	60	60	60	60
1884	60	60	60	60	60	60	60	60
1885	60	60	60	60	60	60	60	60
1886	60	60	60	60	60	60	60	60
1887	60	60	60	60	60	60	60	60
1888	60	60	60	60	60	60	60	60
1889	60	60	60	60	60	60	60	60
1890	60	60	60	60	60	60	60	60
1891	60	60	60	60	60	60	60	60
1892	60	60	60	60	60	60	60	60
1893	60	60	60	60	60	60	60	60
1894	60	60	60	60	60	60	60	60
1895	60	60	60	60	60	60	60	60
1896	60	60	60	60	60	60	60	60
1897	60	60	60	60	60	60	60	60
1898	7	7	7	7	7	7	7	7
1899	14	14	14	14	14	14	14	14
1900	21	22	21	22	21	22	21	22
1901	29	29	29	29	29	29	29	29
1902	30	30	30	30	30	30	30	30
1903	31	31	31	31	31	31	31	31
1904	33	33	33	33	33	33	33	33
1905	35	35	35	35	35	35	35	35
1906	37	37	37	37	37	37	37	37
1907	39	39	39	39	39	39	39	39
1908	40	40	40	40	40	40	40	40
1909	42	42	42	42	42	42	42	42
1910	44	44	44	44	44	44	44	44
1911	46	46	46	46	46	46	46	46
1912	48	48	48	48	48	48	48	48
1913	50	50	50	50	50	50	50	50
1914	51	51	51	51	51	51	51	51
1915	53	53	53	53	53	53	53	53
1916	55	55	55	55	55	55	55	55
1917	57	57	57	57	57	57	57	57
1918	59	59	59	59	59	59	59	59
1919	60	60	60	60	60	60	60	60
1920	60	60	60	60	60	60	60	60
1921	60	60	60	60	60	60	60	60
1922	60	60	60	60	60	60	60	60
1923	60	60	60	60	60	60	60	60
1924	60	60	60	60	60	60	60	60
1925	60	60	60	60	60	60	60	60
1926	60	60	60	60	60	60	60	60
1927	60	60	60	60	60	60	60	60
1928	60	60	60	60	60	60	60	60
1929	60	60	60	60	60	60	60	60
1930	60	60	60	60	60	60	60	60
1931	60	60	60	60	60	60	60	60
1932	60	60	60	60	60	60	60	60
1933	60	60	60	60	60	60	60	60
1934	60	60	60	60	60	60	60	60
1935	60	60	60	60	60	60	60	60
1936	60	60	60	60	60	60	60	60
1937	60	60	60	60	60	60	60	60
1938	60	60	60	60	60	60	60	60
1939	60	60	60	60	60	60	60	60
1940	60	60	60	60	60	60	60	60
1941	60	60	60	60	60	60	60	60
1942	60	60	60	60	60	60	60	60
1943	60	60	60	60	60	60	60	60
1944	60	60	60	60	60	60	60	60
1945	60	60	60	60	60	60	60	60
1946	60	60	60	60	60	60	60	60
1947	60	60	60	60	60	60	60	60
1948	60	60	60	60	60	60	60	60
1949	60	60	60	60	60	60	60	60
1950	60	60	60	60	60	60	60	60
1951	60	60	60	60	60	60	60	60
1952	60	60	60	60	60	60	60	60
1953	60	60	60	60	60	60	60	60
1954	60	60	60	60	60	60	60	60
1955	60	60	60	60	60	60	60	60
1956	60	60	60	60	60	60	60	60
1957	60	60	60	60	60	60	60	60
1958	60	60	60	60	60	60	60	60
1959	60	60	60	60	60	60	60	60
1960	60	60	60	60	60	60	60	60
1961	60	60	60	60	60	60	60	60
1962	60	60	60	60	60	60	60	60
1963	60	60	60	60	60	60	60	60
1964	60	60	60	60	60	60	60	60
1965	60	60	60	60	60	60	60	60
1966	60	60	60	60	60	60	60	60
1967	60	60	60	60	60	60	60	60
1968	60	60	60	60	60	60	60	60
1969	60	60	60	60	60	60	60	60
1970	60	60	60	60	60	60	60	60
1971	60	60	60	60	60	60	60	60
1972	60	60	60	60	60	60	60	60
1973	60	60	60	60	60	60	60	60
1974	60	60	60	60	60	60	60	60
1975	60	60	60	60	60	60	60	60
1976	60	60	60	60	60	60	60	60
1977	60	60	60	60	60	60	60	60
1978	60	60	60	60	60	60	60	60
1979	60	60	60	60	60	60	60	60
1980	60	60	60	60	60	60	60	60
1981	60	60	60	60	60	60	60	60
1982	60	60	60	60	60	60	60	60
1983	60	60	60	60	60	60	60	60
1984	60	60	60	60	60	60	60	60
1985	60	60	60	60	60	60	60	60
1986	60	60	60	60	60	60	60	60
1987	60	60	60	60	60	60	60	60
1988	60	60	60	60	60	60	60	60
1989	60	60	60	60	60	60	60	60
1990	60	60	60	60	60	60	60	60
1991	60	60	60	60	60	60	60	60
1992	60	60	60	60	60	60	60	60
1993	60	60	60	60	60	60	60	60
1994	60	60	60	60	60	60	60	60
1995	60	60	60	60	60	60	60	60
1996	60	60	60	60	60	60	60	60
1997	60	60	60	60	60	60	60	60
1998	60	60	60	60	60	60	60	60
1999	60	60	60	60	60	60	60	60
2000	60	60	60	60	60	60	60	60
2001	60	60	60	60	60	60	60	60
2002	60	60	60	60	60	60	60	60
2003	60	60	60	60	60	60	60	60
2004	60	60	60	60	60	60	60	60
2005	60	60	60	60	60	60	60	60
2006	60	60	60	60	60	60	60	60
2007	60	60	60	60	60	60	60	60
2008	60	60	60	60	60	60	60	60
2009	60	60	60	60	60	60	60	60
2010	60	60	60	60	60	60	60	60
2011	60	60	60	60	60	60	60	60
2012	60	60	60	60	60	60	60	60
2013	60	60	60	60	60	60	60	60
2014	60	60	60	60	60	60	60	60
2015	60	60	60	60	60	60	60	60
2016	60	60	60	60	60	60	60	60
2017	60	60	60	60	60	60	60	60
2018	60	60	60	60	60	60	60	60
2019	60	60	60	60	60	60	60	60
2020	60	60	60	60	60	60	60	60
2021	60	60	60	60	60	60	60	60
2022	60	60	60	60	60	60	60	60
2023	60	60	60	60	60	60	60	60
2024	60	60	60	60	60	60	60	60
2025	60	60	60	60	60	60	60	60
2026	60	60	60	60	60	60	60	60
2027	60	60	60	60	60	60	60	60
2028	60	60	60	60	60	60	60	60
2029	61	61	61	61	61	61	61	61
2030	62	62	62	62	62	62	62	62
2031	63	63	63	63	63	63	63	63
2032	64	64	64	64	64	64	64	64
2033	65	65	65	65	65	65	65	65
2034	66	66	66	66	66	66	66	66
2035	67	67	67	67	67	67	67	67
2036	68	68	68	68	68	68	68	68
2037	69	69	69	69	69	69	69	69
2038	70	70	70	70	70	70	70	70
2039	71	71	71	71	71	71	71	71
2040	71	71	71	71	71	71	71	71
2041	72	72	72	72	72	72	72	72
2042	73	73	73	73	73	73	73	73
2043	74	74	74	74	74	74	74	74
2044	75	75	75	75	75	75	75	75
2045	76	76	76	76	76	76	76	76
2046	77	77	77	77	77	77	77	77
2047	78	78	78	78	78	78	78	78
2048	79	79	79	79	79	79	79	79
2049	80	80	80	80	80	80	80	80
2050	81	81	81	81	81	81	81	81
2051	82	82	82	82	82	82	82	82
2052	82	82	82	82	82	82	82	82
2053	83	83	83	83	83	83	83	83
2054	84	84	84	84	84	84	84	84
2055	85	85	85	85	85	85	85	85
2056	86	86	86	86	86	86	86	86
2057	87	87	87	87	87	87	87	87
2058	88	88	88	88	88	88	88	88
2059	89	89	89	89	89	89	89	89
2060	0	0	0	0	0	0	0	0
2061	0	0	0	0	0	0	0	0
2062	0	0	0	0	0	0	0	0
2063	0	0	0	0	0	0	0	0
2064	0	0	0	0	0	0	0	0
2065	0	0	0	0	0	0	0	0
2066	0	0	0	0	0	0	0	0
2067	0	0	0	0	0	0	0	0
2068	0	0	0	0	0	0	0	0
2069	0	0	0	0	0	0	0	0
2070	0	0	0	0	0	0	0	0
2071	0	0	0	0	0	0	0	0
2072	0	0	0	0	0	0	0	0
2073	0	0	0	0	0	0	0	0
2074	0	0	0	0	0	0	0	0
2075	0	0	0	0	0	0	0	0
2076	0	0	0	0	0	0	0	0
2077	0	0	0	0	0	0	0	0
2078	0	0	0	0	0	0	0	0
2079	0	0	0	0	0	0	0	0
2080	0	0	0	0	0	0	0	0
2081	0	0	0	0	0	0	0	0
2082	0	0	0	0	0	0	0	0
2083	0	0	0	0	0	0	0	0
2084	0	0	0	0	0	0	0	0
2085	0	0	0	0	0	0	0	0
2086	0	0	0	0	0	0	0	0
2087	0	0	0	0	0	0	0	0
2088	0	0	0	0	0	0	0	0
2089	0	0	0	0	0	0	0	0
2090	0	0	0	0	0	0	0	0
2091	0	0	0	0	0	0	0	0
2092	0	0	0	0	0	0	0	0
2093	0	0	0	0	0	0	0	0
2094	0	0	0	0	0	0	0	0